515 1
977 1
98 1
619 1
974 4
302 2
458 1
507 1
113 1
67 2
388 1
310 1
169 1
444 1
817 1
193 3
713 3
664 1
93 4
142 2
182 2
616 1
436 1
836 1
697 2
777 1
12 1
89 1
51 1
963 1
768 2
589 1
544 2
541 2
66 1
822 1
833 2
638 1
400 1
411 1
276 2
164 3
170 2
78 1
881 2
526 2
675 2
608 1
84 1
678 2
501 2
519 2
425 2
813 2
794 4
649 1
461 1
324 2
332 1
918 1
724 1
362 2
732 4
433 2
552 2
993 1
447 2
952 1
806 5
100 3
580 2
929 3
128 1
534 1
955 1
674 3
318 2
373 2
762 1
284 2
121 3
343 1
829 1
88 2
77 2
40 1
985 1
593 2
378 1
798 2
990 1
721 4
295 1
716 1
743 2
717 1
481 1
15 1
486 1
556 1
141 1
181 1
802 2
549 1
269 1
920 1
11 1
104 3
870 1
201 1
825 2
959 3
578 1
904 3
908 1
567 1
650 1
497 1
492 4
739 1
668 2
746 1
751 1
706 1
44 1
670 1
613 3
627 1
585 1
866 3
262 2
186 2
399 3
56 2
329 1
55 1
212 4
291 2
948 2
392 1
588 2
727 1
988 2
821 1
843 1
50 1
895 1
679 1
460 1
174 3
410 2
361 2
907 1
623 1
26 1
224 1
134 2
884 1
390 2
750 1
429 1
37 1
61 1
646 1
217 2
336 1
328 3
657 1
516 1
859 2
949 1
865 1
606 4
107 3
765 1
206 2
509 2
46 1
99 3
437 1
459 2
155 1
94 2
83 1
970 3
35 2
973 1
538 1
441 3
816 2
24 1
848 4
253 2
805 1
527 1
209 3
314 1
233 2
725 2
754 1
16 2
379 3
731 2
192 1
398 3
553 3
781 1
583 1
367 2
599 2
5 1
992 3
350 1
861 2
480 3
940 2
268 1
548 1
980 3
387 2
500 1
850 2
330 1
199 1
159 1
913 2
550 1
718 1
59 2
522 1
932 1
144 1
87 1
340 1
317 1
196 1
375 1
720 1
48 1
281 3
601 3
476 2
484 1
403 1
996 2
572 1
21 1
533 1
498 1
956 2
984 1
967 1
347 3
138 1
54 1
511 1
559 1
530 2
43 1
148 2
680 1
339 1
889 1
909 2
854 1
228 1
372 1
628 1
188 1
978 2
747 1
473 1
408 3
508 1
729 1
653 1
65 4
71 2
935 4
605 1
213 1
945 1
248 3
826 1
921 2
479 1
364 2
32 1
292 1
108 1
505 3
259 1
946 2
445 1
297 1
860 3
434 1
428 1
360 1
775 3
645 2
137 4
431 3
923 4
510 4
898 1
834 1
234 1
596 2
6 1
957 2
386 3
906 1
938 1
737 1
337 2
785 1
568 1
676 1
82 1
876 1
49 1
987 2
557 3
532 1
241 4
36 1
968 1
1 1
788 4
815 2
565 2
140 1
409 1
759 3
991 1
864 1
17 1
745 2
267 1
771 1
290 1
221 1
208 1
698 1
60 1
943 2
47 2
823 3
856 2
230 3
983 1
111 2
31 2
753 1
503 3
887 1
95 2
122 1
536 2
391 5
442 2
344 1
191 2
494 1
456 1
934 1
151 1
819 3
245 2
842 3
950 1
625 1
190 1
405 1
145 2
315 1
694 1
995 1
322 1
741 4
483 2
264 1
795 3
64 2
546 1
730 4
853 1
539 1
389 1
249 1
827 1
499 1
467 2
275 1
760 1
452 1
203 2
867 1
780 1
525 2
246 3
517 1
156 1
308 1
756 3
666 2
189 2
809 1
488 3
27 1
849 1
641 2
514 1
293 1
109 4
0 1
630 2
690 1
20 1
891 2
430 1
70 1
542 1
210 2
894 4
927 1
575 1
266 1
600 1
712 1
652 2
611 2
633 1
564 1
402 2
238 1
672 2
371 1
81 1
167 1
423 1
271 1
976 1
304 3
416 1
282 3
587 2
493 2
659 1
338 2
685 2
558 1
958 1
160 2
790 2
778 3
922 1
699 1
871 1
294 2
986 2
482 1
969 2
531 1
118 1
187 1
807 2
663 1
92 1
446 1
594 1
125 1
901 1
18 2
846 1
748 1
345 1
165 1
443 2
374 2
708 1
637 1
573 1
261 1
696 3
655 1
438 1
319 1
551 1
719 1
838 1
648 1
220 1
660 2
688 2
863 2
114 1
875 1
502 1
183 1
30 2
7 3
597 2
857 1
352 2
143 1
331 1
618 1
130 1
218 2
435 1
818 1
432 1
882 2
478 1
359 1
897 1
471 3
299 2
911 1
207 1
793 1
129 1
590 2
29 4
569 1
485 1
744 1
168 1
733 1
763 1
555 3
722 1
150 2
3 1
74 1
800 1
468 1
254 1
684 1
755 2
603 1
654 2
204 1
342 4
953 3
323 2
828 1
518 3
243 2
226 4
366 1
305 1
757 1
453 1
52 1
960 1
85 3
172 2
715 1
451 2
643 1
316 1
740 1
380 1
852 1
91 1
440 2
774 1
610 1
229 1
465 1
543 2
629 2
999 2
449 1
377 1
424 1
131 1
401 1
726 1
786 2
693 2
766 1
200 2
28 1
803 2
975 1
417 1
749 1
709 1
349 1
370 2
157 1
667 1
711 1
529 3
577 1
358 1
682 3
673 2