515
977
98
619
974
302
458
507
113
67
388
310
169
444
817
193
713
664
93
142
182
616
436
836
697
777
12
89
51
963
768
589
544
541
66
822
833
638
400
411
276
164
170
78
881
526
675
608
84
678
501
519
425
813
794
649
461
324
332
918
724
362
732
433
552
993
447
952
806
100
580
929
128
534
955
674
318
373
762
284
121
343
829
88
77
40
985
593
378
798
990
721
295
716
743
717
481
15
486
556
141
181
802
549
269
920
11
104
870
201
825
959
578
904
908
567
650
497
492
739
668
746
751
706
44
670
613
627
585
866
262
186
399
56
329
55
212
291
948
392
588
727
988
821
843
50
895
679
460
174
410
361
907
623
26
224
134
884
390
750
429
37
61
646
217
336
328
657
516
859
949
865
606
107
765
206
509
46
99
437
459
155
94
83
970
35
973
538
441
816
24
848
253
805
527
209
314
233
725
754
16
379
731
192
398
553
781
583
367
599
5
992
350
861
480
940
268
548
980
387
500
850
330
199
159
913
550
718
59
522
932
144
87
340
317
196
375
720
48
281
601
476
484
403
996
572
21
533
498
956
984
967
347
138
54
511
559
530
43
148
680
339
889
909
854
228
372
628
188
978
747
473
408
508
729
653
65
71
935
605
213
945
248
826
921
479
364
32
292
108
505
259
946
445
297
860
434
428
360
775
645
137
431
923
510
898
834
234
596
6
957
386
906
938
737
337
785
568
676
82
876
49
987
557
532
241
36
968
1
788
815
565
140
409
759
991
864
17
745
267
771
290
221
208
698
60
943
47
823
856
230
983
111
31
753
503
887
95
122
536
391
442
344
191
494
456
934
151
819
245
842
950
625
190
405
145
315
694
995
322
741
483
264
795
64
546
730
853
539
389
249
827
499
467
275
760
452
203
867
780
525
246
517
156
308
756
666
189
809
488
27
849
641
514
293
109
0
630
690
20
891
430
70
542
210
894
927
575
266
600
712
652
611
633
564
402
238
672
371
81
167
423
271
976
304
416
282
587
493
659
338
685
558
958
160
790
778
922
699
871
294
986
482
969
531
118
187
807
663
92
446
594
125
901
18
846
748
345
165
443
374
708
637
573
261
696
655
438
319
551
719
838
648
220
660
688
863
114
875
502
183
30
7
597
857
352
143
331
618
130
218
435
818
432
882
478
359
897
471
299
911
207
793
129
590
29
569
485
744
168
733
763
555
722
150
3
74
800
468
254
684
755
603
654
204
342
953
323
828
518
243
226
366
305
757
453
52
960
85
172
715
451
643
316
740
380
852
91
440
774
610
229
465
543
629
999
449
377
424
131
401
726
786
693
766
200
28
803
975
417
749
709
349
370
157
667
711
529
577
358
682
673